Agregated results :
Confusion matrix :
[[0.0000e+00 0.0000e+00 0.0000e+00 0.0000e+00 0.0000e+00 0.0000e+00
  0.0000e+00 0.0000e+00 0.0000e+00 0.0000e+00 0.0000e+00 0.0000e+00
  0.0000e+00 0.0000e+00 0.0000e+00 0.0000e+00 0.0000e+00]
 [0.0000e+00 0.0000e+00 5.0000e-01 0.0000e+00 0.0000e+00 0.0000e+00
  0.0000e+00 0.0000e+00 4.0000e+01 0.0000e+00 5.0000e-01 0.0000e+00
  0.0000e+00 0.0000e+00 0.0000e+00 0.0000e+00 0.0000e+00]
 [0.0000e+00 0.0000e+00 7.9900e+02 0.0000e+00 0.0000e+00 0.0000e+00
  1.3000e+01 0.0000e+00 3.0000e+00 0.0000e+00 3.1000e+01 4.2850e+02
  1.5000e+00 0.0000e+00 9.0000e+00 0.0000e+00 0.0000e+00]
 [0.0000e+00 0.0000e+00 1.1950e+02 9.8500e+01 0.0000e+00 8.5000e+00
  1.5000e+00 0.0000e+00 5.0000e+00 0.0000e+00 5.9000e+01 4.3600e+02
  2.0000e+00 7.0000e+00 5.0000e+00 5.0000e+00 0.0000e+00]
 [0.0000e+00 0.0000e+00 1.7250e+02 0.0000e+00 3.0000e+00 5.0000e-01
  5.0000e+00 0.0000e+00 3.5000e+00 0.0000e+00 0.0000e+00 8.5000e+00
  1.0000e+01 0.0000e+00 8.5000e+00 0.0000e+00 1.5000e+00]
 [0.0000e+00 0.0000e+00 5.0000e-01 0.0000e+00 0.0000e+00 7.4000e+01
  1.0000e+00 0.0000e+00 4.1500e+01 0.0000e+00 0.0000e+00 2.3500e+01
  0.0000e+00 0.0000e+00 2.9200e+02 2.5000e+00 0.0000e+00]
 [0.0000e+00 0.0000e+00 0.0000e+00 0.0000e+00 0.0000e+00 0.0000e+00
  6.5150e+02 0.0000e+00 0.0000e+00 0.0000e+00 0.0000e+00 5.5000e+00
  0.0000e+00 0.0000e+00 0.0000e+00 0.0000e+00 0.0000e+00]
 [0.0000e+00 0.0000e+00 0.0000e+00 0.0000e+00 0.0000e+00 0.0000e+00
  2.5000e+00 0.0000e+00 2.2500e+01 0.0000e+00 0.0000e+00 0.0000e+00
  0.0000e+00 0.0000e+00 0.0000e+00 0.0000e+00 0.0000e+00]
 [0.0000e+00 0.0000e+00 0.0000e+00 0.0000e+00 0.0000e+00 0.0000e+00
  0.0000e+00 0.0000e+00 4.3000e+02 0.0000e+00 0.0000e+00 0.0000e+00
  0.0000e+00 0.0000e+00 0.0000e+00 0.0000e+00 0.0000e+00]
 [0.0000e+00 0.0000e+00 0.0000e+00 0.0000e+00 0.0000e+00 0.0000e+00
  1.7500e+01 0.0000e+00 0.0000e+00 0.0000e+00 0.0000e+00 0.0000e+00
  0.0000e+00 0.0000e+00 5.0000e-01 0.0000e+00 0.0000e+00]
 [0.0000e+00 0.0000e+00 2.1000e+01 0.0000e+00 0.0000e+00 3.0000e+00
  3.0000e+00 0.0000e+00 3.5000e+00 0.0000e+00 4.3850e+02 3.9300e+02
  4.5000e+00 0.0000e+00 8.0000e+00 5.0000e-01 0.0000e+00]
 [0.0000e+00 0.0000e+00 1.6000e+02 0.0000e+00 0.0000e+00 2.0000e+00
  4.3500e+01 0.0000e+00 1.0500e+01 0.0000e+00 2.0000e+00 1.9755e+03
  4.0000e+00 0.0000e+00 9.0000e+00 3.5000e+00 0.0000e+00]
 [0.0000e+00 0.0000e+00 1.9350e+02 1.7500e+01 0.0000e+00 0.0000e+00
  9.0000e+00 0.0000e+00 1.6500e+01 0.0000e+00 2.0500e+01 1.3600e+02
  1.2550e+02 0.0000e+00 2.5000e+00 0.0000e+00 1.3000e+01]
 [0.0000e+00 0.0000e+00 0.0000e+00 0.0000e+00 0.0000e+00 0.0000e+00
  1.0000e+00 0.0000e+00 6.3500e+01 0.0000e+00 0.0000e+00 7.0000e+00
  0.0000e+00 1.0950e+02 0.0000e+00 4.0000e+00 0.0000e+00]
 [0.0000e+00 0.0000e+00 2.0000e+00 0.0000e+00 0.0000e+00 1.0000e+00
  0.0000e+00 0.0000e+00 1.5000e+00 0.0000e+00 0.0000e+00 1.0000e+00
  1.0000e+00 0.0000e+00 1.1325e+03 0.0000e+00 0.0000e+00]
 [0.0000e+00 0.0000e+00 1.4000e+01 0.0000e+00 0.0000e+00 1.2500e+01
  4.5500e+01 0.0000e+00 7.8000e+01 0.0000e+00 5.0000e-01 4.4500e+01
  7.5000e+00 6.0000e+00 9.0500e+01 4.8000e+01 0.0000e+00]
 [0.0000e+00 0.0000e+00 0.0000e+00 0.0000e+00 0.0000e+00 0.0000e+00
  0.0000e+00 0.0000e+00 0.0000e+00 0.0000e+00 0.0000e+00 0.0000e+00
  4.2000e+01 0.0000e+00 1.3000e+01 0.0000e+00 2.9000e+01]]---
Kappa: 57.68 +- 1.68
Accuracy :
Accuracy: 64.11 +- 1.34
---
Aa :
Aa: 41.43 +- 1.65
---
class acc :
	Undefined: nan +- nan
	Alfalfa: 0.00 +- 0.00
	Corn-notill: 62.18 +- 5.45
	Corn-mintill: 13.19 +- 11.98
	Corn: 1.41 +- 1.41
	Grass-pasture: 17.01 +- 4.37
	Grass-trees: 99.16 +- 0.08
	Grass-pasture-mowed: 0.00 +- 0.00
	Hay-windrowed: 100.00 +- 0.00
	Oats: 0.00 +- 0.00
	Soybean-notill: 50.11 +- 7.03
	Soybean-mintill: 89.39 +- 1.79
	Soybean-clean: 23.50 +- 3.84
	Wheat: 59.19 +- 38.65
	Woods: 99.43 +- 0.22
	Buildings-Grass-Trees-Drives: 13.83 +- 13.54
	Stone-Steel-Towers: 34.52 +- 34.52
---
---

